$ANSIBLE_VAULT;1.1;AES256
38363034373932383934316666616136613263353938616137636239346564366133653637366265
3736376165343131316564656635613436396537363065640a343766656635396130333861383864
33653932343730363661363536366334623465306331356537336139613637623234333037396134
3766663261323635330a643766313238356432643235636531303336383230636631326535646663
35306566346133643563633735653764336139663735316331376565356536633330663265323837
61646163336361323262336132643539346363643130383530613537316634306132396666303935
30306435623530653132333933313434613266383561346566336439373739353932623365613666
38353362323939613162633864383432306431366137656463656139626465643361626639666264
33366633633531383331613462363336646231633037666237343933643233636234393565366566
33316463616137643131366365626263366561346366653864383037323036613737326261643637
66333531326164363737616265393931666239366463613861323731646430636639646434656430
36633633666162363531303730366365306262316466376633343632316337666661366437636166
32326265316638373361346235333430366364363530353563366363666538396261346361333666
34623464656266376130373063613931643562333834386164353030363838643366356665343364
65646663326635316564306263613965653537386639303261313633323233373563613333373963
33643830363939353331633433316261303632383337356464353062386565303232666439353038
66636561383639323665623730386136333366613763313264643538626233383761633964653931
65313766643431323538616630316565353335323635343637623864393332663131353466326437
33313439303730396139343463356563323437663866346439343234306132633034653462353738
66393136346234666639636132656131666663643039323232363466613963613963623563323764
38353964323634343861633632346430313862646338633466373433333935613033623964643638
39303934643234326239316435653935633766303365643266616638366464623736303236663531
38316134323031356464303361653237336537643461633730313135366165343732353630376161
38353565386663663338636132663166363162643762306537613736363232663263323236623965
37636430316633653861386237396166653835396333636139396564316461343435383563633031
34343537616261353139366131613465393632356663333935333238653362623034646539663338
66633831643835613938343733656364386132373238373236396539613433313364343838656239
35346661613033363431316235356661383935656265616237656430393962623933626633363437
31353865646530646637383263333032663132393533363963306335306561346632323833333632
36646261316438663330363433383534326362653539333266323936353061646638396466643332
30316134313066306234373235316331656565376666613036386462343035636461356338306234
64396164343335613665353733653466346430643938643934316230336133376364313232623362
62376136633338323261346565343731663938326635373461343061353431643532626530306632
31353139303864333738666337383533616561343638646662333831393766666562316265643837
37323266333734616266616238343033633161626262363964633162326364663964353861666335
38386630363961353566663366386532313935613731313538613439373866643233386131313764
35306365303233353733363633643130383033646139393237303338373132313139313839636636
31353464343139626661353162346634653665613739626233383930623337626664373238393364
39633065343364303861393063613962303633623962636134323661363830376464663464303665
65313231656237323738316232336437343330323964646534303737626566313437363265616166
62626363313638366464383439343639316661303432663365313664356234626664
